10
5 6 15
10 1 10 20 10 10
30 1 1 5 1 1
50 1 1 20 1 1
10 5 5 10 5 1
40 10 90 1 10 10
4 2 10
11 11
11 11
11 11
11 11
3 3 19
20 20000 19
20 20 20
20 20 20
0 0 0
4 4 0
1 2 3 4
5 6 7 8
9 10 11 12
13 14 15 16
5 5 20
1 8 16 1 2
2 3 18 1 1
18 18 18 18 18
18 18 18 18 18
18 18 18 18 18
5 5 20
1 8 16 1 2
19 3 18 18 1
18 18 18 18 18
18 18 18 18 18
18 18 18 18 18
5 5 100
1 1 1 1 1
1 1 1 1 1
1 1 1 1 1
1 1 1 1 1
1 1 1 1 1
3 3 19
20 20000 29
20 20 20
20 20 2050
7 10 4361099
372635 403776 757342 613647 255624 827769 988581 15911 261777 184255
78024 387910 348870 200215 585883 814196 380850 444434 610663 873209
210084 734511 355740 416582 27004 585921 880676 188471 270919 377865
549570 643554 781641 823264 257201 553617 167385 762134 85880 945514
946389 680257 333425 811611 396824 919308 625808 777674 363742 236471
167236 90178 487334 522976 506760 514339 108897 387437 219162 379816
765302 285084 23371 63296 624700 796924 133265 792085 559059 219146
