UVA 167
The Sultan's Successors

Process
This problem can be solved using recursive backtracing. Recursively test each
position on the board and keep track of the queen positions so far, and then
find the greatest sum of 8 valid queens.

Input
5
 1  2  3  4  5  6  7  8
 9 10 11 12 13 14 15 16
17 18 19 20 21 22 23 24
25 26 27 28 29 30 31 32
33 34 35 36 37 38 39 40
41 42 43 44 45 46 47 48
48 50 51 52 53 54 55 56
57 58 59 60 61 62 63 64
0 0 0 0 0 0 0 0
0 0 0 0 0 0 0 0
0 0 0 0 0 0 0 0
0 0 0 0 0 0 0 0
0 0 0 0 0 0 0 0
0 0 0 0 0 0 0 0
0 0 0 0 0 0 0 0
0 0 0 0 0 0 0 0
84 87 78 16 94 36 87 93
50 22 63 28 91 60 64 27
41 27 73 37 12 69 68 30
83 31 63 24 68 36 30 3
23 59 70 68 94 57 12 43
30 74 22 20 85 38 99 25
16 71 14 27 92 81 57 74
63 71 97 82 6 26 85 28
37 6 47 30 14 58 25 96
83 46 15 68 35 65 44 51
88 9 77 79 89 85 4 52
55 100 33 61 77 69 40 13
27 87 95 40 96 71 35 79
68 2 98 3 18 93 53 57
2 81 87 42 66 90 45 20
41 30 32 18 98 72 82 76
10 28 68 57 98 54 87 66
7 84 20 25 29 72 33 30
4 20 71 69 9 16 41 50
97 24 19 46 47 52 22 56
80 89 65 29 42 51 94 1
35 65 25 15 88 57 44 92
28 66 60 37 33 52 38 29
76 8 75 22 59 96 30 38

Output
  260
    0
  597
  573
  654
