  5! =  3  1  1
  2! =  1
  3! =  1  1
  4! =  3  1
  5! =  3  1  1
  6! =  4  2  1
  7! =  4  2  1  1
  8! =  7  2  1  1
  9! =  7  4  1  1
 21! = 18  9  4  3  1  1  1  1
 25! = 22 10  6  3  2  1  1  1  1
 38! = 35 17  8  5  3  2  2  2  1  1  1  1
 52! = 49 23 12  8  4  4  3  2  2  1  1  1  1  1  1
 53! = 49 23 12  8  4  4  3  2  2  1  1  1  1  1  1
        1
 54! = 50 26 12  8  4  4  3  2  2  1  1  1  1  1  1
        1
 55! = 50 26 13  8  5  4  3  2  2  1  1  1  1  1  1
        1
 56! = 53 26 13  9  5  4  3  2  2  1  1  1  1  1  1
        1
 57! = 53 27 13  9  5  4  3  3  2  1  1  1  1  1  1
        1
 58! = 54 27 13  9  5  4  3  3  2  2  1  1  1  1  1
        1
 59! = 54 27 13  9  5  4  3  3  2  2  1  1  1  1  1
        1  1
 99! = 95 48 22 16  9  7  5  5  4  3  3  2  2  2  2
        1  1  1  1  1  1  1  1  1  1
100! = 97 48 24 16  9  7  5  5  4  3  3  2  2  2  2
        1  1  1  1  1  1  1  1  1  1
